[133 735 309 368 816 419 282 965]
elements: 8 size:16
[510 247 916 400 774  ... 503 887 282 15 422]
elements: 33 size:64
[247 916 400 774 601  ... 461 941 519 733 196]
elements: 38 size:64
[400 774 601 858 427  ... 960 750 508 869 213]
elements: 43 size:64
[427 935 513 999 115  ... 511 685 625 266 372]
elements: 49 size:64
[427 935 513 999 115  ... 625 266 372 18 121]
elements: 51 size:64
[269 165 396 658 676  ... 382 388 570 288 314]
elements: 75 size:128
[676 503 887 282 15  ... 297 978 414 897 133]
elements: 81 size:128
[461 941 519 733 196  ... 127 572 234 607 197]
elements: 86 size:128
[461 941 519 733 196  ... 572 234 607 197 965]
elements: 87 size:128
[461 941 519 733 196  ... 90 454 34 743 221]
elements: 98 size:128
[941 519 733 196 968  ... 34 743 221 116 157]
elements: 99 size:128
[519 733 196 968 681  ... 743 221 116 157 350]
elements: 99 size:128
[685 625 266 372 18  ... 359 910 660 932 124]
elements: 103 size:128
[955 720 664 591 716  ... 673 757 877 436 158]
elements: 165 size:256
[716 583 846 523 65  ... 436 158 358 136 404]
elements: 164 size:256
[716 583 846 523 65  ... 358 136 404 955 332]
elements: 166 size:256
[716 583 846 523 65  ... 404 955 332 929 401]
elements: 168 size:256
[288 314 140 450 740  ... 439 986 443 671 202]
elements: 198 size:256
[297 978 414 897 133  ... 287 609 614 896 466]
elements: 224 size:256
[297 978 414 897 133  ... 287 609 614 896 466]
elements: 224 size:256
[297 978 414 897 133  ... 287 609 614 896 466]
elements: 224 size:256
[262 378 90 454 34  ... 250 113 969 640 163]
elements: 273 size:512
[378 90 454 34 743  ... 420 486 690 293 641]
elements: 280 size:512
[378 90 454 34 743  ... 486 690 293 641 521]
elements: 281 size:512
[743 221 116 157 350  ... 396 370 279 628 726]
elements: 286 size:512
[932 124 271 305 958  ... 570 741 352 50 266]
elements: 324 size:512
[305 958 925 4 455  ... 776 202 772 672 507]
elements: 345 size:512
[925 4 455 383 944  ... 462 752 509 21 630]
elements: 349 size:512
[455 383 944 798 554  ... 462 752 509 21 630]
elements: 347 size:512
[383 944 798 554 744  ... 460 292 573 203 365]
elements: 351 size:512
[113 768 785 205 746  ... 324 547 565 517 739]
elements: 393 size:512
[693 902 429 206 34  ... 80 584 618 338 835]
elements: 406 size:512
[338 261 783 256 965  ... 224 219 36 341 245]
elements: 429 size:512
[783 256 965 51 988  ... 599 90 518 635 149]
elements: 440 size:512
[988 54 739 171 537  ... 635 149 527 627 297]
elements: 439 size:512
[402 810 305 184 948  ... 302 433 903 761 748]
elements: 453 size:512
[402 810 305 184 948  ... 761 748 645 461 143]
elements: 456 size:512
[948 978 449 259 557  ... 423 414 472 802 962]
elements: 461 size:512
[978 449 259 557 863  ... 414 472 802 962 49]
elements: 461 size:512
[449 259 557 863 832  ... 962 49 535 554 86]
elements: 463 size:512
[832 89 28 590 847  ... 571 172 368 612 179]
elements: 465 size:512
[89 28 590 847 363  ... 126 199 472 137 371]
elements: 469 size:512
