768112 7691 1220457 4083 636452 4580 1161139 6963 318397 5093 131501 3417 711250 5815 986741 4178 248016 2547 1074088 5935 437592 5135 951398 2141 590286 4980 668449 4651 148668 7517 875788 5224 1174101 6012 893262 1892 655166 4858 463117 912 128820 7179 53895 4670 85295 4712 942289 5665 477073 2892 554194 5033 447940 6891 14717 7457 879709 368 872958 5336 199323 2451 531301 2589 524450 5398 175503 1284 629103 2271 1005225 5407 425866 6607 40717 2700 945994 7416 776221 4802 792737 4929 690087 5372 644714 6616 1169896 6866 455166 5351 160767 6965 523968 7678 914919 2864 1153943 6557 1089003 5859 
284497 3334 302421 7652 614227 6899 117338 1914 1149127 5967 611413 1975 905876 4217 864431 4542 982483 3852 757428 2530 589640 6336 1152640 2095 460839 6006 1002201 500 84854 4644 257913 5483 120915 5421 385171 217 782681 6976 207972 27 954600 5416 1013477 6903 325040 2090 886795 2975 500985 5016 202078 3943 466285 360 63943 5728 534564 2742 1189582 5879 572862 7855 743162 3696 435608 5863 216803 5352 1009487 7822 464288 6839 146771 4121 735622 2462 273170 643 41646 363 826376 3136 992915 1514 658575 2657 423780 7611 1153878 1130 1103453 2896 1092189 1810 300806 142 1210693 1332 436272 6838 
346888 5937 326287 3064 769602 5332 161344 1037 976022 1499 883287 5111 625018 5882 794009 1674 810009 2988 160092 2571 843165 3073 395368 1084 769936 7715 829622 4045 863431 5508 941532 1359 909008 1568 1146680 3172 585207 42 33583 5408 330647 4366 379172 4819 1188641 3867 408419 7524 729169 2773 767969 6880 495103 7132 683856 2262 218896 6297 23341 2698 666746 1020 1068039 5413 973466 1716 590610 2274 115835 5135 468293 6164 615667 1361 1118981 5796 702648 3233 473612 5008 247236 985 1203580 654 724078 7804 460037 5717 932963 3534 947265 998 875656 5677 1046184 5749 106542 5937 678306 3035 
583632 803 156281 3657 335457 3133 383422 1605 631961 6520 199757 6614 843883 4839 852268 277 1114106 91 1201068 7918 498361 2153 761605 6 456044 975 270367 1345 871500 2908 874148 6612 662195 3254 1184391 2473 132200 4751 164275 2640 720702 1813 147538 4616 256109 5255 1133015 865 266596 1339 867114 759 128625 2922 53191 6539 710715 6884 1145847 4900 796025 5789 382442 3638 46182 4693 719469 6445 1150142 7382 558391 2733 10941 4173 440686 5838 287148 1103 241518 753 296007 6365 772965 4337 31914 7709 1049546 5791 298797 2922 51830 7876 194796 2359 328777 1219 1124560 588 613221 2197 
526741 3749 1180574 6792 4393 1349 732387 7958 957004 4234 716260 18 44338 7866 109538 2257 289175 4338 746388 4991 1058092 3502 305435 1058 292593 7929 284731 1978 167752 4219 703216 7212 735952 3368 311404 3475 1016426 7768 841380 1330 435293 5287 288680 1031 987985 6099 311458 7470 998232 1212 76595 85 851301 3573 1021523 6652 661065 1050 960220 3119 1090201 4508 996700 2439 874375 5569 18052 6886 417240 6811 573948 354 257444 280 815231 7044 730325 3861 481514 6642 1024129 3726 402870 5459 115202 6524 690734 5910 1118535 1986 281515 3531 117027 7122 289722 1426 885684 4297 357421 3312 
282940 1367 862751 4365 326006 1978 114875 6800 593368 6730 141053 3059 600317 457 831690 6679 625475 2389 106902 6293 649230 1982 1213413 6914 742542 2870 238375 3988 42140 4695 590600 6986 1004797 668 70568 4057 715172 51 444754 5187 209397 600 777353 2051 686988 3140 118914 279 302576 4318 716047 4156 73040 3301 497027 947 608369 3375 1171260 6403 369586 7464 1086065 4880 1152970 3411 894125 5438 63489 2002 242797 7911 916334 6496 690406 6963 143592 419 32611 4565 331634 3338 830404 6969 625730 6054 211340 4478 778660 4022 129010 142 1191564 5013 1020040 2533 411542 5149 1005578 3319 
170082 6887 1184917 4204 859320 664 570788 5645 818340 5384 29376 5461 738290 5389 840607 7073 696511 1804 423140 2748 638752 6199 84814 3127 1100687 1380 283506 6910 89419 1978 134315 4328 1218801 3810 439026 7570 466288 7947 307926 7477 888347 887 909377 1381 297174 2649 1078142 6961 576477 1951 634010 6653 326265 6810 895660 7525 293362 3942 412167 6287 593599 2495 375552 7463 395625 7197 995875 6552 951950 4444 76449 6931 839103 2642 593727 7134 1164718 3133 71116 4093 60683 902 261347 23 1013883 7069 879885 69 1129869 6905 96820 7177 484273 4040 90641 2169 784093 4862 1056249 5537 
685845 1447 963282 5652 412923 4099 485715 4858 978695 2574 818009 3241 149337 6021 527208 2947 261293 4584 654450 2912 201218 2570 391123 4276 450899 1222 965457 3954 1183684 6839 331641 7591 32449 2657 774223 1084 866901 7110 756271 5992 448294 6595 167416 4368 120266 2360 871067 7119 708404 4716 279954 3011 643233 386 205713 7447 782490 6721 201960 3526 222028 7010 966936 7320 1041237 6688 220156 1615 1207957 6369 629240 4266 1153483 3144 1065417 2036 345459 166 489493 3224 920030 7214 619639 6045 1189185 1784 1108402 1737 715762 377 279861 1470 105347 5503 120978 5774 1052527 2845 753758 263 
390042 3631 1150093 7740 682720 1230 1136467 343 897124 1181 957820 343 480451 4143 228608 2861 354371 6786 99125 4418 835262 2555 26152 4456 31403 7878 834260 3369 458013 4192 698010 6887 760570 7724 872404 1856 91334 3926 446418 7399 466844 7714 808309 1404 783550 1086 959282 4456 367155 404 563455 7066 994329 3796 7266 2971 695515 5093 645036 6848 582087 1890 208266 6934 454614 326 23899 7538 386216 7659 206087 5324 87193 6495 949886 2652 307493 1628 503654 5480 727664 2814 450174 6667 900471 2745 365694 6589 591945 2248 126162 6273 1138808 4824 549488 2710 558569 7538 34804 6308 
967133 7782 978629 3783 757118 3313 1067256 5157 1076948 7121 1027903 286 658473 3315 1231992 1759 1025756 4361 1009180 4768 52660 4113 328591 6043 854407 514 491238 5192 427712 1227 274330 447 24127 6425 298895 5050 969119 435 894634 2351 964064 3733 347390 7495 918184 6066 22973 5599 419337 6416 436788 1187 852765 1439 592779 1952 551138 1297 405172 4361 768805 2160 446699 4176 86491 2627 396156 4606 447754 805 157143 3596 571186 4776 374970 3106 732810 7603 152070 363 426652 2260 554056 5597 842390 2046 915030 4270 419998 3797 727975 2076 475727 4911 1224240 1875 1179499 753 232013 7264 
917466 3024 1234264 1786 866293 313 892679 6125 521259 6148 332694 4384 768586 3881 1147051 3224 952501 6695 1062929 6859 329546 1678 1223702 7473 543017 553 1124960 5332 631796 1186 2513 6828 970876 7114 75076 975 306103 2052 660356 737 908769 6683 46822 413 631590 1241 242747 1686 911140 5740 101182 2319 1199314 7674 144823 6896 731858 5131 1138252 6020 641664 1307 997314 5281 328581 3058 738217 4043 772625 3519 977105 2998 353812 1818 970704 913 177402 5891 742692 7451 818830 563 434737 7168 294532 900 788194 361 313363 1919 435725 2412 572091 2752 1110509 3513 940102 2127 1070955 4385 
892875 3507 511680 4070 395791 4435 702424 6386 1137253 6873 1207368 7825 184816 5788 359986 5049 764994 3450 468591 4548 916415 1451 1005517 2318 485360 4949 887634 7561 734050 2986 1165166 1639 873793 814 289621 1974 1064659 112 1147608 4733 82278 2897 526647 2468 1092692 4279 574783 3973 1008070 2269 698770 2333 579506 7341 1179383 4263 1138498 4944 1041621 6406 596605 577 753481 5444 111086 4258 924366 5887 584835 7335 1012418 7640 840245 2804 107468 442 586577 2914 70911 3587 315735 308 62983 2836 846507 3877 756954 1887 245306 7496 357287 5277 758287 1794 793823 7222 1082405 5973 405300 961 
656967 1480 1034602 7999 109087 6308 186767 2794 860182 1148 885418 4483 992677 967 199837 18 97974 1407 463883 7386 1226036 1465 1054231 6502 167815 3925 36517 4001 1191226 1991 832434 5680 437025 2590 510422 6362 155616 1017 486713 6665 10094 4351 868972 7525 95636 1810 930599 1794 653808 7491 331298 1972 197267 2476 190488 5886 110138 3889 990042 6262 553343 96 258969 1742 619202 2919 732895 6418 289488 3744 794971 2936 815849 5930 1167366 7218 652836 1567 1118243 5686 1214466 7849 13085 1381 562751 5860 169654 614 458344 2245 389367 1822 772961 2970 821386 4475 281298 2269 67973 7514 
802488 6088 736213 3399 95450 6230 473553 7108 173400 414 634053 5004 978855 1082 1148092 392 467167 5888 1018567 4699 480693 5983 187143 7747 754439 2612 341867 5788 341248 3103 848882 6193 1124401 4302 470182 5463 975623 221 1217347 5203 346518 5536 18554 5561 269976 3175 708124 395 1200850 5273 310598 3945 318909 2103 594818 6293 639771 6043 309213 1647 412287 1437 415712 2776 1014865 5444 898198 2392 1190630 1958 53419 1438 470430 5974 806243 916 558356 1782 1216408 3982 560605 2961 628792 6454 384015 1969 877580 882 727157 289 1230213 4084 346368 1520 1070862 967 536412 5806 500473 3072 
517993 5835 420890 7163 489478 744 1191454 6149 170521 296 770618 4566 176297 4204 758998 657 502395 445 675631 4110 45971 4651 1007831 1742 184914 2287 986180 4493 714895 1623 921475 1309 98363 603 363043 4664 574828 4252 414996 2171 1084546 3695 1047940 7042 5700 908 901033 881 693218 5814 1173408 1780 1009956 6244 761076 946 207497 7601 828979 6773 1210087 4069 302048 2661 561331 188 209162 4718 1092024 972 415760 2558 472064 6169 514751 3466 819361 6270 341041 444 590890 476 1222540 977 876099 6834 750570 7302 265050 271 864838 1620 94294 6529 748745 798 202190 7275 334663 6178 
301118 5424 1140217 6921 1012393 533 422174 3780 169121 3687 625515 4280 927651 4432 252507 6160 745643 944 441530 7842 1064756 3855 43766 2975 93378 4152 784031 3398 778278 1682 1038056 5583 1008665 7419 388384 4810 635400 5420 375718 5551 74532 5959 199613 1100 951153 5543 699043 7301 744233 1244 914237 5679 44464 4238 482088 5669 597996 5690 1027791 7565 59407 5512 1006452 4812 912054 6592 145395 2145 917915 2248 308640 2759 1141194 4758 883161 7081 942415 575 643093 41 356222 3223 79528 7213 466223 7001 714286 3216 1192946 1615 1067714 792 413176 5086 401294 4756 583691 4213 305307 2174 
304663 1981 842991 5602 167158 6392 556224 1089 940483 7021 610848 1887 1129244 5144 930148 5857 700023 2562 496095 2648 1154110 4517 473329 7440 311966 5659 1090972 5032 759166 4284 675698 974 894205 5662 734851 3341 707217 5840 228710 3426 169752 1709 771441 4436 449811 7280 803948 6295 499184 3103 60973 362 950101 5784 17313 764 663355 6917 766338 5719 746654 3912 733753 1474 30335 6726 190496 2172 554358 7076 562104 6117 1162076 6189 898135 1632 980835 2425 82425 5276 167002 3277 1132250 3015 552317 4563 669544 4452 816545 7254 678875 7133 98360 968 947403 2010 982377 7104 574212 6131 
48116 5669 1142686 6728 414966 2901 1015263 2051 809838 1695 1224891 4934 232559 4698 844420 1445 902453 1003 748489 3715 1189753 829 959863 3630 881108 7021 228634 3418 591955 3098 306544 1031 41555 1666 705586 5703 875111 6123 350043 5223 590205 3606 255944 6646 661354 4208 1054900 5618 652023 5777 58498 5893 405379 3409 1230231 7436 217684 5560 726904 6646 1060612 1041 178602 1427 566244 6756 14538 3250 449142 3702 1084509 1979 556570 6432 535890 5412 604850 5932 915819 615 531002 5891 687332 6600 747682 6988 962908 2520 1122440 3492 898081 4914 782262 2744 316508 4614 707308 1719 409076 7745 
345679 5568 216202 2831 1115015 3848 725173 4774 668084 5107 261741 3641 115503 2765 48277 1395 1184024 3193 394022 483 433318 3927 896137 6387 802189 4711 700541 7660 167503 148 274035 3672 1134542 3026 514678 2391 438262 7850 759929 264 718943 3695 43667 2077 912050 6605 229910 6993 277454 7463 799122 2489 162773 236 397948 3393 162087 7150 82774 3461 453065 6457 944057 3095 391453 2830 403600 3806 1087383 6959 536121 7380 926759 5782 769622 550 622129 7047 621542 7996 784026 16 827827 7228 251949 3399 259281 4167 643261 4754 1012605 7841 390637 178 536252 660 57375 4038 1221831 3238 
511126 7707 845801 2099 636230 4749 503962 5044 808043 4093 855878 1164 577546 3599 650719 4900 765900 2628 1024944 3125 497556 3271 973845 1668 246988 6520 334032 4128 360582 1652 282347 2371 958379 3401 259095 1917 98483 6233 470698 4038 982971 7315 1036803 5211 8561 6010 1149481 1240 269375 7275 1048009 5674 120665 1848 1178337 10 283007 1231 164740 438 230498 5032 72477 4943 706670 2172 642167 3421 762168 2863 631796 6676 1164561 7353 2192 142 379640 3411 546100 3572 41921 6019 121556 7546 196603 1164 50043 4326 461816 5724 332992 5309 1042991 3100 1188971 1321 733435 6300 853441 4394 
619855 783 920373 5969 737720 3688 204846 105 956873 414 273189 4891 373288 7333 683524 4669 752331 1339 437028 1676 828457 497 422402 359 163305 317 290924 1096 313050 2828 806877 2449 1168040 5948 572965 7029 718543 4695 649874 7792 183782 2957 391869 1980 8281 5239 531556 5571 566657 1624 303554 6973 1129114 4823 603735 1770 1067739 7447 430189 5715 589247 1451 271947 6195 550535 6211 840100 4328 547606 3977 24728 6359 631944 7953 1900 3557 1033773 2334 711699 2305 682517 5876 1076620 264 396727 6732 1125876 473 984587 7099 635915 5148 470968 3687 31143 6937 165178 1186 585935 0 
1165534 990 358411 882 986573 1727 570710 449 100108 6108 188333 7919 997199 5812 933678 3035 325192 3263 1056966 1873 322261 2052 386317 2574 936389 3330 560143 2900 753589 3887 504782 3161 215079 5933 477380 1343 390309 3227 822050 5809 285564 2534 481810 4447 266108 2043 574191 1562 630692 3011 621184 1098 224883 6362 678828 7111 652624 6189 66284 7995 906354 2164 40733 6271 240512 936 1105720 7151 686818 4023 1017733 1347 315087 6943 725294 5433 91281 2891 326368 1274 470791 2941 96702 1786 236826 7246 937868 6571 490442 1097 1077433 1103 536904 3901 1004758 6522 1181623 5514 788287 5187 
249788 1087 563203 1611 687294 4186 175047 4993 719585 4990 16801 165 780243 7492 753394 2394 667413 5754 1042056 4249 379940 6216 95031 3907 136069 2009 152995 4256 831130 2313 414482 1385 116707 6344 140974 282 589836 6066 425046 1398 1137502 7660 183885 5228 452359 5962 1074011 2050 314751 4214 419210 3735 1004168 2607 500928 3236 62871 7197 841534 6419 987071 7135 220320 1848 522828 5022 1094687 2514 282444 6057 724833 3196 548134 1070 1122375 7921 556421 169 384703 5926 33209 468 886753 1774 100950 7098 74841 1956 979390 520 906300 7043 227820 7240 270338 3483 440760 2765 568093 3296 
695679 3309 95333 5863 1227416 4181 324407 2664 161839 6399 786503 2151 306308 877 411570 1138 364242 418 840908 2384 507883 1710 713089 4759 59375 3934 382426 6184 911010 5542 38840 3852 324024 3926 355032 6983 98311 4467 239820 4374 454446 3631 1164499 2243 641190 124 891849 7545 1083989 2622 958208 6239 474102 1296 99476 5344 359764 3434 255312 2530 17203 324 668377 6065 943803 3528 618866 7963 231007 3419 44930 5019 570282 48 1080774 5088 330906 3777 927315 6596 1313 3795 33913 3113 876237 492 1029940 5294 566144 21 709032 5024 704430 4558 222281 4938 679557 3097 597162 6274 
223334 3832 314577 1213 600936 5822 290975 439 246437 1654 533430 4757 836954 2036 354953 7490 165515 2876 595576 436 77176 3465 822539 2862 350874 4403 1022150 7086 903379 6104 117328 6233 1233870 6870 323754 843 104704 4189 265525 7948 1207500 7955 36035 2359 132264 724 362220 4282 530775 1849 600191 7564 690401 2742 305159 4233 470222 1767 103443 7256 138786 909 874072 4304 688958 6916 552397 4715 562445 4796 756575 3732 971717 4183 987601 6641 296983 1063 920788 6902 690848 7869 666465 7110 872667 6019 408562 146 415497 6110 232044 6880 330312 4456 386135 937 813963 4197 7322 7249 
854537 7340 204632 2471 326955 4840 869423 813 344002 1914 411740 7870 264105 7474 171456 2846 664951 936 571874 5791 637702 7035 867895 6661 761461 3237 483513 2941 401887 7199 925598 4190 298660 7476 789871 3030 1195465 1912 1163524 1159 126487 2901 863837 1944 526499 2084 165655 2614 732920 7152 330808 7439 1214914 3662 855263 1185 526938 3546 380654 4382 705591 4857 366614 3357 487782 1018 1228800 1622 378203 128 317090 6168 432970 6807 1003154 5791 201890 2580 697795 4095 443014 1189 1222154 2856 4863 6778 1130717 3570 421858 3006 1048520 6012 904291 528 982715 2427 1033764 6412 158899 4499 
759709 3003 573760 1697 202216 1239 585924 6182 137630 7668 307181 5598 416956 5547 456511 3267 353346 1771 1128976 147 859148 7387 1071746 5240 129108 7743 893777 1738 380859 5496 351336 4165 1219176 1665 939216 2161 747067 3588 319758 720 1101311 2027 1100058 5893 199394 2099 82416 838 373020 4346 632771 7162 702234 695 974151 617 765766 3747 795646 140 889361 6538 679689 3138 701223 2458 194614 3762 805638 5259 472831 7101 808073 2233 323695 5062 947301 1776 1064655 1692 288432 5022 652953 1523 336235 552 791517 6869 521121 4810 225709 1860 516642 1559 98677 1228 1177414 1332 414294 5744 
176777 3189 961508 4907 1103650 2465 1181343 2392 935623 2525 1043976 466 950582 6406 644335 1568 848195 2848 224303 4451 260241 3329 652766 6413 1194653 5932 491348 6350 831050 5006 385831 7678 168942 2645 290117 5924 872150 7994 546623 3297 156133 7553 316514 4382 656838 5258 640672 5870 772513 3681 884846 3634 550187 2707 290006 1533 687280 265 242258 875 753759 6924 430009 2784 101914 3300 1149689 1002 806098 457 270038 7262 631780 3851 445474 6865 727064 3325 79514 2070 268057 6578 516126 3126 774174 2010 53923 3143 784709 2569 592996 3504 1032303 1981 669474 3278 1225525 4593 759648 3433 
10421 6900 659106 4834 754530 997 339204 2682 825038 2966 558933 1743 1046569 2989 616566 7223 544229 6415 310119 2354 1203540 2700 152734 6678 659946 4037 1161462 5756 506632 2373 843182 874 777278 4618 1080096 3631 398740 6243 1035703 618 318018 7552 444666 1295 33658 2078 366018 1491 411102 3424 1092927 7491 282932 3086 895271 1516 33094 6210 457765 4604 118047 4818 1093078 3789 1204609 1765 1225955 7389 779880 3884 1052854 5682 1124109 6652 308902 891 428450 1774 711570 2975 1095673 4877 319244 1155 172605 1737 166923 6286 805162 7948 790336 1441 527289 7636 628893 2430 366102 1747 497148 37 
706111 6904 159487 6842 919840 5999 278346 5412 924142 1127 652689 4951 1006037 6731 973695 319 121543 1532 19136 6411 990839 891 287658 6597 206520 4558 342267 4350 484579 7402 958053 2806 519761 909 557243 6293 917608 2233 768470 3449 850664 1925 498388 4193 1019626 6631 747625 7445 682669 1793 1031889 1996 74917 5500 249296 4618 586952 5094 15269 4439 564164 4956 88032 368 431648 335 144660 6257 252559 2430 1219773 322 290001 3601 987071 2787 102942 3254 591950 643 21671 133 274774 6899 172929 2481 141577 7799 580503 7588 142157 3498 584607 3759 188864 4005 1097685 4943 121847 5312 
679718 4412 315570 5137 278102 3427 92440 4466 277784 5442 144992 6856 593085 590 296992 3323 1199819 2982 32781 1761 1102232 3542 553919 7345 1027688 7807 634228 7811 989195 4591 45213 255 637858 5836 374945 7863 42599 5975 277152 1480 891016 7109 377022 6075 761873 43 1029705 7943 1111639 5574 215182 3042 490640 1224 1051762 2450 1164479 3045 395673 1925 187760 4290 1103190 5493 472585 6065 161915 6454 752529 5874 867180 3994 950553 3936 244167 6589 1147200 4908 36265 5567 293645 4014 680477 735 72754 567 840032 97 679556 4444 122373 6795 1031562 1539 683073 5970 1041353 4823 224634 7994 
1063760 3836 1088488 4026 893649 7841 895965 7267 97951 2109 1221546 2326 883297 1786 109684 2146 1089956 3332 826898 1087 342190 6870 1045926 4471 1104039 7945 344974 7620 1129577 1625 934896 7873 3391 3974 717303 5902 688715 7233 1053133 2862 880872 345 591235 2391 1170951 5428 1113425 2490 1139237 6565 1048072 4962 856364 3724 133520 2936 38058 7117 1195705 5353 945564 7995 262503 6999 253515 4389 733955 7259 543617 5051 21342 4359 607804 1622 1114002 229 46799 637 360470 2614 232259 7333 18182 3769 399585 5372 994146 5458 758588 4852 38512 575 915233 4461 429571 7036 475720 1054 180349 6564 
398615 2578 421363 6348 840289 3077 128677 384 43295 3155 375989 6756 850950 6738 426930 4347 631286 5351 986548 985 997633 7590 965153 236 437124 6332 977333 3677 600033 964 37846 1174 27578 5038 848654 1424 887053 1079 810649 4793 380557 4437 27050 4328 766238 1216 527564 3156 943227 2355 67026 3558 148175 5161 188132 1409 645624 2261 1016067 5949 143321 574 436693 3922 189378 4976 66553 5628 856977 1612 748973 3634 193510 102 568431 3740 403828 5111 339443 5622 117289 2009 760970 771 330957 1808 888683 5405 534843 1579 583876 5543 29380 5524 1183479 2241 528292 3421 222111 2910 
416427 939 542971 5697 1008961 1162 929047 2245 331379 4541 674038 6030 231289 2418 874339 7244 111201 3490 961300 1412 361337 2420 776489 4181 627743 7630 653121 7808 897223 824 561333 4631 1032540 4550 91381 299 388561 37 1051832 7821 1088631 6534 685422 3935 546314 7496 209296 3146 383226 5468 1076501 3672 16329 4623 202859 7016 727268 3175 436400 731 82762 1782 438222 4090 1203599 384 220218 6721 121588 7345 151194 5088 686164 3451 204814 5114 1044311 87 90855 1735 328296 175 995519 2184 1153389 7417 101126 2054 303457 463 236708 4261 530104 5544 467894 6084 356688 2341 1002281 7177 
603461 3477 534517 5244 872771 692 605070 3040 1054154 6852 5504 1934 355745 1363 1002689 6943 285437 3882 780399 1619 772939 4671 1221077 6034 575360 2292 766606 7504 744998 70 1178092 7322 597915 953 327597 47 98911 7677 444507 895 16350 2952 262738 5941 649376 535 959382 5706 192701 200 557370 5840 678063 7968 961485 1850 942360 3213 1196882 4953 69722 3041 805966 4277 477863 5560 1202775 7815 777631 4113 892161 6110 236912 4499 958599 1870 1201257 3651 371367 7290 225863 7680 918666 4174 387453 4925 1148364 5978 1222578 4344 1111005 1406 1228735 6894 749119 2201 1087683 270 449023 7470 
818743 5544 391789 1439 994091 798 619551 3413 1047480 126 309244 6406 108411 3569 623880 2959 348963 5200 580873 7995 1150798 202 685609 7891 999134 6073 785023 7384 763585 3939 630762 4600 763848 175 233571 560 246067 2367 147212 6551 258079 4102 123355 2018 651793 638 531104 2997 969484 7511 507392 154 554028 3192 459844 4208 306935 743 672150 6875 1072628 786 963608 1562 982054 985 68715 215 949885 736 203642 3280 1086809 4001 6647 1236 2696 5559 1045797 3172 598452 2883 816963 7285 591462 802 605641 6680 80261 1981 471968 6639 816259 657 406930 3615 661273 1114 577796 869 
306718 4032 309882 379 746030 363 759793 4740 269001 6053 909247 2093 1007830 3180 1198179 3229 1221558 6575 423034 6927 809546 7257 170764 5248 949562 2070 476123 1077 399712 4542 1140000 3915 871735 339 27719 7202 758445 7965 5239 1737 580563 6824 959043 1776 1066666 2918 84465 5799 129712 862 289515 1682 736314 6190 609466 3101 287350 6035 943083 3524 994841 33 299457 5398 558475 4845 616156 4507 705352 2215 1047394 2444 718578 6277 215549 1350 1020527 6360 928419 2274 1113346 5358 1134215 5628 612573 4587 1128908 3177 644541 4663 444570 2014 509540 2379 971533 6276 695141 2770 251299 2311 
857902 5836 680721 111 831868 6014 882335 800 716339 3890 705551 5426 833664 7419 135246 3278 59834 6764 980495 7320 358715 4550 636962 7338 348761 4908 878571 3212 68254 68 421760 6782 809680 7826 740184 2565 1051097 1109 536859 2736 178664 5669 807741 4078 283016 2160 96476 3873 519727 149 839597 4049 855113 951 948123 314 1021161 7287 1222410 3895 265811 1921 691357 4157 1024876 6701 405360 1293 1068013 3167 939551 200 621146 576 632259 4188 69885 4332 161531 3320 501241 2163 918095 7909 467813 2722 214100 6101 505471 2596 109014 6897 345756 3004 1203380 5694 603722 6016 57890 2054 
794879 4168 653976 2496 287343 4422 909439 4472 260948 1986 533180 1161 322968 5385 560587 2345 386416 56 1021870 554 189467 7691 137959 6055 779995 1541 311065 5655 365267 6173 265138 1019 20388 5083 608138 7056 780883 1453 83495 6556 487348 7913 1162342 4569 81852 1000 192771 6112 309129 6994 376208 4597 529406 4844 518973 7387 119603 1132 955728 319 1080328 4507 699384 6448 957669 1282 950252 1342 35734 7134 583238 7650 652470 4865 675719 7378 921946 4522 662400 3214 751128 6716 256264 2642 966612 6663 374877 6542 15570 4371 1038918 28 444379 7651 1083890 5896 1083440 714 1214714 6765 
1148910 207 496217 3773 355665 4563 587011 4145 583347 7803 397056 4375 1055184 3617 480589 1033 479786 298 256392 2776 166647 2237 728451 6264 800864 4188 836874 2944 965743 6871 1156861 653 53436 37 827283 7486 738089 478 840577 3240 167705 5325 585178 4042 334954 2164 634963 6515 1211032 6923 1124240 5466 309217 3275 69811 5755 945581 5578 954174 7474 949899 2540 26270 237 918616 5238 457748 4175 1030482 2401 116227 2972 1176164 2766 175516 4917 74895 4530 953134 746 1028034 4506 456392 5145 567588 2548 763281 1614 274483 7369 686043 7464 361536 2325 1173378 671 885330 5578 1033317 2855 
