[1347]
elements: 1 size:2
[752 386 1429]
elements: 3 size:4
[3339 425 4464 4008 4868 3102 2646 932 4298 2016 2656 2306 2788 4381 3708 2356 2591 4985 3659 1533]
elements: 20 size:32
[4008 4868 3102 2646 932  ... 1533 4575 635 3268 2641]
elements: 21 size:32
[3268 2641 2539 1463 4542  ... 4545 139 1825 4263 431]
elements: 29 size:32
[3808 3300 1338 624 196  ... 1557 4754 125 1693 1497]
elements: 32 size:64
[1557 4754 125 1693 1497  ... 1047 881 1704 4350 401]
elements: 34 size:64
[4754 125 1693 1497 4135  ... 881 1704 4350 401 1759]
elements: 34 size:64
[1497 4135 1296 4129 129  ... 1704 4350 401 1759 3392]
elements: 32 size:64
[3227 1047 881 1704 4350  ... 4959 1332 1225 1508 3916]
elements: 37 size:64
[3227 1047 881 1704 4350  ... 4959 1332 1225 1508 3916]
elements: 37 size:64
[1704 4350 401 1759 3392  ... 3910 1104 2285 3840 1888]
elements: 41 size:64
[1759 3392 493 260 922  ... 1802 4480 972 1356 2865]
elements: 43 size:64
[260 922 2989 2239 3611  ... 1356 2865 3814 3989 3509]
elements: 43 size:64
[2151 4396 4063 2514 42  ... 3509 3762 709 1098 4531]
elements: 35 size:64
[1923 1804 1103 1025 1356  ... 2906 2712 4024 803 2890]
elements: 39 size:64
[3395 3791 1936 1968 2275  ... 423 101 481 1877 1848]
elements: 38 size:64
[1848 4816 4311 3474 909  ... 974 318 1759 4510 394]
elements: 38 size:64
[4279 3786 4084 3518 2289  ... 3397 4267 3245 3399 4974]
elements: 40 size:64
[4084 3518 2289 2695 242  ... 4267 3245 3399 4974 2957]
elements: 39 size:64
[4598 966 309 4436 4390  ... 3051 3095 172 4752 4382]
elements: 38 size:64
[4390 2659 2030 4822 126  ... 3095 172 4752 4382 3367]
elements: 35 size:64
[3051 3095 172 4752 4382  ... 3988 4239 1465 2557 3451]
elements: 27 size:64
[1465 2557 3451 3256 50  ... 3394 2385 555 1069 2237]
elements: 32 size:64
[4911 3159 3702 4453 1243  ... 4264 1423 4917 2269 2272]
elements: 30 size:64
[1243 4928 4151 4769 112  ... 1973 230 1088 4581 4546]
elements: 34 size:64
[4066 4555 3020 36 2395  ... 1468 3179 3755 623 1641]
elements: 33 size:64
[3020 36 2395 1125 160  ... 3310 2408 2927 3683 17]
elements: 38 size:64
[3020 36 2395 1125 160  ... 3310 2408 2927 3683 17]
elements: 38 size:64
[4917 2269 2272 3653 4527  ... 2424 4355 1027 3825 2093]
elements: 37 size:64
[4527 4321 1973 230 1088  ... 3019 4981 3302 3342 3727]
elements: 41 size:64
[810 1468 3179 3755 623  ... 3796 4290 2946 1440 4197]
elements: 43 size:64
[623 1641 2511 3446 3310  ... 4290 2946 1440 4197 1202]
elements: 40 size:64
[3310 2408 2927 3683 17  ... 3218 3386 2879 173 1879]
elements: 47 size:64
[3310 2408 2927 3683 17  ... 2879 173 1879 955 2470]
elements: 49 size:64
[2408 2927 3683 17 3838  ... 955 2470 4838 455 3673]
elements: 51 size:64
[3683 17 3838 1909 1578  ... 4838 455 3673 2192 2418]
elements: 51 size:64
[3700 2122 3019 4981 3302  ... 1025 3329 4043 2422 1909]
elements: 55 size:64
[623 1064 4556 4633 4084  ... 4758 1573 2397 775 276]
elements: 46 size:64
[4556 4633 4084 3218 3386  ... 1573 2397 775 276 1549]
elements: 45 size:64
[955 2470 4838 455 3673  ... 605 4311 2377 922 2297]
elements: 50 size:64
[2418 4225 4602 3567 3876  ... 3665 2429 3563 2890 4224]
elements: 54 size:64
[4043 2422 1909 3649 2137  ... 2076 4083 4093 164 2682]
elements: 49 size:64
[1909 3649 2137 2377 921  ... 2682 4394 4547 898 2172]
elements: 51 size:64
[3885 2547 1858 1244 3665  ... 4123 1373 3004 1551 757]
elements: 54 size:64
[2423 1703 2472 3235 2607  ... 3241 1580 4279 195 4333]
elements: 53 size:64
[2014 3378 2640 247 2107  ... 126 3209 576 3311 939]
elements: 44 size:64
[3384 2824 2467 269 1641  ... 3370 264 4843 3977 309]
elements: 45 size:64
[4190 2378 3814 2606 3834  ... 916 3902 4700 4777 2607]
elements: 45 size:64
[3834 822 2270 4080 5  ... 4777 2607 3066 1493 2606]
elements: 44 size:64
[3698 106 1522 3241 1580  ... 2606 1233 2791 4024 3262]
elements: 42 size:64
[4272 3339 126 3209 576  ... 1512 3518 3640 2495 4467]
elements: 54 size:64
[3977 309 3555 916 3902  ... 4744 1784 3408 1385 4070]
elements: 52 size:64
[3555 916 3902 4700 4777  ... 4744 1784 3408 1385 4070]
elements: 50 size:64
[916 3902 4700 4777 2607  ... 1784 3408 1385 4070 3080]
elements: 50 size:64
[2791 4024 3262 283 4984  ... 1684 3801 3924 1300 3544]
elements: 50 size:64
[1239 3494 4744 1784 3408  ... 2355 4691 3212 1933 1241]
elements: 42 size:64
[4744 1784 3408 1385 4070  ... 2633 74 547 1214 4780]
elements: 46 size:64
[4070 3080 550 1096 1236  ... 2460 4346 2189 676 1325]
elements: 53 size:64
[3444 1684 3801 3924 1300  ... 1325 2880 1230 612 1667]
elements: 52 size:64
[2685 647 2928 2189 3607  ... 513 3185 2428 1511 2621]
elements: 49 size:64
[487 1635 1753 1803 4427  ... 1511 2621 4876 37 2814]
elements: 44 size:64
[487 1635 1753 1803 4427  ... 4876 37 2814 2433 2152]
elements: 46 size:64
[3212 1933 1241 2917 2633  ... 3108 398 4957 4611 4739]
elements: 42 size:64
[4780 2934 2803 1671 3900  ... 1190 2591 3970 4233 1152]
elements: 41 size:64
[2803 1671 3900 2229 3272  ... 3970 4233 1152 3563 982]
elements: 41 size:64
[1667 2287 140 513 3185  ... 2555 4902 1219 2993 4628]
elements: 35 size:64
[4233 1152 3563 982 1719  ... 505 72 2044 3713 4646]
elements: 37 size:64
[3960 1702 3629 20 3842  ... 2374 1443 2840 507 348]
elements: 34 size:64
[20 3842 947 2823 2183  ... 2914 3451 1429 4411 475]
elements: 36 size:64
[2183 6 71 2127 1437  ... 1210 149 3480 2449 3540]
elements: 40 size:64
[2045 1408 505 72 2044  ... 3540 2260 2323 1334 1079]
elements: 39 size:64
[1708 1872 670 816 3041  ... 4255 3023 3371 4105 4572]
elements: 42 size:64
[1210 149 3480 2449 3540  ... 4182 1507 2278 926 3330]
elements: 44 size:64
[1334 1079 4776 3594 4155  ... 2124 1770 880 3832 722]
elements: 43 size:64
[3023 3371 4105 4572 480  ... 1252 631 3711 1692 1644]
elements: 53 size:64
[204 4210 511 2634 2416  ... 1371 2855 1213 849 3249]
elements: 55 size:64
[3300 3895 759 2581 4191  ... 3333 1973 3219 284 4902]
elements: 50 size:64
[4191 2762 4182 1507 2278  ... 1277 4747 2688 4682 1508]
elements: 52 size:64
[4434 2631 468 2374 3348  ... 1823 2333 473 2245 3797]
elements: 51 size:64
[4563 9 2145 239 1961  ... 2225 3626 3613 77 2563]
elements: 62 size:64
[1961 4283 3636 4869 1545  ... 2515 1473 4129 2096 2326]
elements: 64 size:64
[4283 3636 4869 1545 4920  ... 2515 1473 4129 2096 2326]
elements: 63 size:64
[4283 3636 4869 1545 4920  ... 1473 4129 2096 2326 2285]
elements: 64 size:64
[2141 1273 1823 2333 473  ... 1067 4265 4631 1409 4584]
elements: 67 size:128
[2333 473 2245 3797 1957  ... 4584 4795 931 1752 234]
elements: 68 size:128
[2333 473 2245 3797 1957  ... 234 1628 3040 2213 1420]
elements: 72 size:128
[3608 3294 73 1407 3689  ... 2925 4488 1420 4181 4544]
elements: 78 size:128
[73 1407 3689 2484 4352  ... 4181 4544 3604 4858 913]
elements: 79 size:128
[1842 4460 3073 2720 1067  ... 4811 518 740 1494 1179]
elements: 67 size:128
[1842 4460 3073 2720 1067  ... 4811 518 740 1494 1179]
elements: 67 size:128
[812 2265 1659 1154 355  ... 3105 2776 2811 2036 4440]
elements: 70 size:128
[1659 1154 355 607 3502  ... 2811 2036 4440 2654 3076]
elements: 70 size:128
[3494 1331 1093 2139 2223  ... 664 1818 2853 4077 3636]
elements: 81 size:128
[3494 1331 1093 2139 2223  ... 2853 4077 3636 2056 2096]
elements: 83 size:128
[3494 1331 1093 2139 2223  ... 4077 3636 2056 2096 3702]
elements: 84 size:128
[3097 3133 2966 1146 3960  ... 2376 2827 4339 3332 1264]
elements: 76 size:128
[399 4811 518 740 1494  ... 1149 4199 833 3914 3424]
elements: 82 size:128
[1494 1179 13 1357 1506  ... 4199 833 3914 3424 1836]
elements: 79 size:128
[371 4990 3357 3890 797  ... 52 1153 1055 1039 2943]
elements: 75 size:128
[2075 4202 3274 3105 2776  ... 1039 2943 2816 2491 4938]
elements: 72 size:128
[2776 2811 2036 4440 2654  ... 997 3264 1204 34 3929]
elements: 73 size:128
[1967 4372 1941 1688 3922  ... 3059 4546 2825 2693 4199]
elements: 77 size:128
[664 1818 2853 4077 3636  ... 4199 4937 3085 4784 1154]
elements: 75 size:128
[802 1409 1897 2973 2376  ... 4666 2473 506 2479 711]
elements: 78 size:128
[4797 2141 1045 473 587  ... 3527 2013 3080 261 4705]
elements: 90 size:128
[4797 2141 1045 473 587  ... 3080 261 4705 1032 527]
elements: 92 size:128
[833 3914 3424 1836 1971  ... 2272 2198 3612 419 322]
elements: 94 size:128
[1971 52 1153 1055 1039  ... 2198 3612 419 322 667]
elements: 91 size:128
[997 3264 1204 34 3929  ... 3084 685 2183 2318 1956]
elements: 96 size:128
[1830 3943 2510 1990 1165  ... 2244 2232 3980 1497 4924]
elements: 108 size:128
[1830 3943 2510 1990 1165  ... 2244 2232 3980 1497 4924]
elements: 108 size:128
[2479 711 1195 33 2418  ... 4170 4675 760 2776 2779]
elements: 117 size:128
[1342 3592 3597 3615 2623  ... 1069 3288 3715 4819 2999]
elements: 107 size:128
[3465 2569 3084 685 2183  ... 699 140 3573 2319 42]
elements: 125 size:256
[3980 1497 4924 3722 3598  ... 1260 3936 2422 4056 2245]
elements: 118 size:256
[1497 4924 3722 3598 3427  ... 386 1362 4401 2968 2797]
elements: 125 size:256
[1497 4924 3722 3598 3427  ... 2968 2797 252 4032 2263]
elements: 128 size:256
[1389 2781 1671 1768 3279  ... 4783 4334 4519 2202 3284]
elements: 131 size:256
[1768 3279 4170 4675 760  ... 3284 4210 2161 3677 4068]
elements: 132 size:256
[3188 4053 2395 4066 3324  ... 4995 2750 4435 3137 2804]
elements: 138 size:256
[4958 3993 1154 475 3438  ... 3392 1075 1909 1939 4196]
elements: 138 size:256
[2114 4641 253 3961 4743  ... 3435 3356 3309 538 2058]
elements: 135 size:256
[3103 2105 338 4319 2321  ... 3334 2225 1168 4302 4208]
elements: 132 size:256
[3103 2105 338 4319 2321  ... 2225 1168 4302 4208 4823]
elements: 133 size:256
[4319 2321 4401 2296 2784  ... 4302 4208 4823 4746 689]
elements: 132 size:256
[1179 1137 699 140 3573  ... 3060 1566 3390 3089 1528]
elements: 133 size:256
[1179 1137 699 140 3573  ... 3060 1566 3390 3089 1528]
elements: 133 size:256
[4611 840 1260 3936 2422  ... 3541 3231 574 251 1173]
elements: 128 size:256
[4611 840 1260 3936 2422  ... 3541 3231 574 251 1173]
elements: 128 size:256
[2797 252 4032 2263 3770  ... 3572 1884 327 1337 4418]
elements: 131 size:256
[2797 252 4032 2263 3770  ... 3572 1884 327 1337 4418]
elements: 131 size:256
[1523 1460 252 2072 4184  ... 2956 2631 250 4076 859]
elements: 133 size:256
[2261 1266 562 212 179  ... 1127 1429 1465 43 640]
elements: 140 size:256
[97 2026 388 1057 4739  ... 4766 84 4965 1368 1753]
elements: 152 size:256
[97 2026 388 1057 4739  ... 4766 84 4965 1368 1753]
elements: 152 size:256
[1075 1909 1939 4196 3435  ... 1868 4384 876 4841 2704]
elements: 146 size:256
[2225 1168 4302 4208 4823  ... 4154 4993 3533 2788 2241]
elements: 145 size:256
[574 251 1173 3453 2174  ... 199 2091 1248 397 1751]
elements: 139 size:256
[1337 4418 4771 4401 4976  ... 4103 2553 3498 1678 4858]
elements: 136 size:256
[4976 1135 1237 1982 2956  ... 929 950 1279 4099 3091]
elements: 138 size:256
[2029 332 1713 4950 2454  ... 1780 1315 1199 485 2087]
elements: 142 size:256
[3258 3515 4348 1096 1026  ... 1103 1454 3356 806 4656]
elements: 144 size:256
[4289 2132 662 606 1051  ... 3827 1398 674 2225 4545]
elements: 148 size:256
[1753 1851 3058 1482 1868  ... 674 2225 4545 2399 1470]
elements: 141 size:256
[4841 2704 3484 3776 2471  ... 122 3741 4045 1179 1490]
elements: 143 size:256
[2078 1552 1084 4154 4993  ... 4193 1784 4525 3462 850]
elements: 147 size:256
[1552 1084 4154 4993 3533  ... 4525 3462 850 4118 1856]
elements: 148 size:256
[4154 4993 3533 2788 2241  ... 850 4118 1856 4816 1886]
elements: 148 size:256
[4650 305 404 382 1369  ... 4816 1886 4134 2925 752]
elements: 146 size:256
[3024 3340 3748 2844 742  ... 4134 2925 752 4515 122]
elements: 140 size:256
[742 169 2488 988 199  ... 2157 2378 3478 2584 4532]
elements: 145 size:256
[2488 988 199 2091 1248  ... 3478 2584 4532 3476 529]
elements: 145 size:256
[397 1751 4913 3171 4614  ... 4532 3476 529 2377 1620]
elements: 142 size:256
[25 4510 4777 4103 2553  ... 1255 1566 1096 2230 1844]
elements: 146 size:256
[2747 929 950 1279 4099  ... 2414 4027 3981 1120 733]
elements: 143 size:256
[929 950 1279 4099 3091  ... 733 3311 4156 4185 4457]
elements: 146 size:256
[901 1968 3426 714 2662  ... 4505 3528 72 4671 2092]
elements: 146 size:256
[2137 2575 4733 134 1617  ... 99 1505 2707 2144 4760]
elements: 141 size:256
[134 1617 3000 186 3648  ... 2144 4760 2998 2160 3906]
elements: 141 size:256
[957 2847 645 1292 1338  ... 2757 4181 3714 874 668]
elements: 141 size:256
[1292 1338 4585 448 3016  ... 4181 3714 874 668 2565]
elements: 139 size:256
[1292 1338 4585 448 3016  ... 4181 3714 874 668 2565]
elements: 139 size:256
[946 4032 3827 1398 674  ... 60 4108 4506 2023 1324]
elements: 149 size:256
[2301 92 122 3741 4045  ... 730 2159 3929 1729 4574]
elements: 150 size:256
[2301 92 122 3741 4045  ... 2159 3929 1729 4574 4545]
elements: 151 size:256
[92 122 3741 4045 1179  ... 1729 4574 4545 1174 353]
elements: 152 size:256
[92 122 3741 4045 1179  ... 620 447 4524 2217 3500]
elements: 157 size:256
[3462 850 4118 1856 4816  ... 4441 1447 1902 536 2550]
elements: 159 size:256
[2584 4532 3476 529 2377  ... 1240 4682 1566 4997 2853]
elements: 157 size:256
[1620 2124 2021 1025 144  ... 2853 990 1042 1247 3862]
elements: 156 size:256
[4027 3981 1120 733 3311  ... 194 3496 240 4109 3414]
elements: 159 size:256
[1948 3970 4785 78 710  ... 1960 4161 3384 3938 2656]
elements: 159 size:256
[4505 3528 72 4671 2092  ... 2656 14 2540 1001 1046]
elements: 154 size:256
[72 4671 2092 4563 1646  ... 14 2540 1001 1046 2092]
elements: 153 size:256
[2116 34 2574 2844 99  ... 2904 1820 2915 831 1823]
elements: 160 size:256
[230 4127 3045 325 1608  ... 1088 3512 2229 947 1325]
elements: 166 size:256
[230 4127 3045 325 1608  ... 3512 2229 947 1325 3913]
elements: 167 size:256
[2874 169 4325 704 730  ... 3391 612 1392 3194 197]
elements: 172 size:256
[704 730 2159 3929 1729  ... 197 1950 3159 1605 1451]
elements: 173 size:256
[2159 3929 1729 4574 4545  ... 197 1950 3159 1605 1451]
elements: 171 size:256
[3929 1729 4574 4545 1174  ... 3159 1605 1451 2294 1217]
elements: 172 size:256
[258 2194 4209 3347 4628  ... 4660 2409 1437 2135 4183]
elements: 168 size:256
[2550 2353 866 4375 3147  ... 1722 1403 2717 4043 3132]
elements: 175 size:256
[4250 1854 354 874 140  ... 1726 1811 2800 1120 4832]
elements: 177 size:256
[2853 990 1042 1247 3862  ... 2375 3849 3449 2358 2989]
elements: 173 size:256
[302 2551 4292 2230 1220  ... 153 1959 176 579 2663]
elements: 173 size:256
[1148 2264 143 2887 4123  ... 4557 673 3146 997 585]
elements: 178 size:256
[1850 1427 2726 2702 4020  ... 1657 2095 1543 2773 2880]
elements: 185 size:256
[3938 2656 14 2540 1001  ... 2653 1354 591 4595 4193]
elements: 182 size:256
[2656 14 2540 1001 1046  ... 1354 591 4595 4193 1924]
elements: 182 size:256
[2986 2778 4028 226 3946  ... 3699 3968 317 461 2437]
elements: 191 size:256
[226 3946 4635 2904 1820  ... 1235 3233 4901 176 1842]
elements: 193 size:256
[1820 2915 831 1823 3611  ... 176 1842 1543 1881 86]
elements: 192 size:256
[1820 2915 831 1823 3611  ... 1842 1543 1881 86 526]
elements: 193 size:256
[4131 2184 2128 3316 1587  ... 1881 86 526 1085 3217]
elements: 188 size:256
[2352 2738 4266 1476 269  ... 4345 972 3205 2824 4871]
elements: 197 size:256
[4761 788 4813 2238 3429  ... 595 4830 3249 2104 4212]
elements: 197 size:256
[4813 2238 3429 4715 3773  ... 595 4830 3249 2104 4212]
elements: 195 size:256
[2411 4224 2116 2785 2378  ... 1415 1570 1199 422 2545]
elements: 197 size:256
[652 2917 769 2336 3968  ... 3468 1587 3217 3015 2701]
elements: 196 size:256
[652 2917 769 2336 3968  ... 2701 4759 4714 2046 897]
elements: 200 size:256
[652 2917 769 2336 3968  ... 2701 4759 4714 2046 897]
elements: 200 size:256
[1437 2135 4183 2461 4562  ... 4516 1211 500 773 1721]
elements: 203 size:256
[2769 3721 153 1959 176  ... 3911 3983 441 4903 3041]
elements: 191 size:256
[1959 176 579 2663 4175  ... 1374 511 977 2148 3998]
elements: 193 size:256
[2514 2669 1866 4557 673  ... 977 2148 3998 357 372]
elements: 188 size:256
[2669 1866 4557 673 3146  ... 3998 357 372 3722 954]
elements: 189 size:256
[997 585 1508 1458 4198  ... 4317 1702 1847 4990 2162]
elements: 191 size:256
[4508 2200 431 1506 2653  ... 1932 1688 4913 4903 3232]
elements: 196 size:256
[2200 431 1506 2653 1354  ... 3232 1943 2990 3257 1561]
elements: 199 size:256
[3249 2104 4212 2600 1840  ... 1186 4730 4684 4529 858]
elements: 195 size:256
[4212 2600 1840 1379 1070  ... 1098 2423 983 3953 2650]
elements: 200 size:256
[4007 1731 4176 2678 2998  ... 216 3939 2673 1838 3636]
elements: 203 size:256
[4997 1415 1570 1199 422  ... 213 2137 1676 2525 1135]
elements: 202 size:256
[1081 2577 3130 2194 4857  ... 756 2750 2335 704 2643]
elements: 194 size:256
[3015 2701 4759 4714 2046  ... 1660 2550 1662 1360 4799]
elements: 193 size:256
[4887 1293 2534 530 2875  ... 3490 2491 3901 2125 765]
elements: 189 size:256
[2534 530 2875 2545 4972  ... 4392 2362 1559 2606 2823]
elements: 192 size:256
[2534 530 2875 2545 4972  ... 4392 2362 1559 2606 2823]
elements: 192 size:256
[511 977 2148 3998 357  ... 711 1059 769 1100 572]
elements: 202 size:256
[357 372 3722 954 3996  ... 769 1100 572 1487 3871]
elements: 200 size:256
[1836 1780 4693 4109 1594  ... 3767 2325 1203 818 3445]
elements: 203 size:256
[1836 1780 4693 4109 1594  ... 3767 2325 1203 818 3445]
elements: 203 size:256
[1836 1780 4693 4109 1594  ... 1203 818 3445 3010 3895]
elements: 205 size:256
[1594 2799 2174 3879 4349  ... 254 2535 1971 2769 3467]
elements: 207 size:256
[2799 2174 3879 4349 58  ... 254 2535 1971 2769 3467]
elements: 206 size:256
[2060 864 2754 1764 2301  ... 1678 1281 1313 1600 531]
elements: 213 size:256
